SIZE = 21,
575,430,67,220,220,235,650,235,90,27,610,505,430,68,48,300,440,320,91,435,
350,120,235,100,750,350,200,390,490,520,310,690,370,460,425,380,605,295,440,
91,375,205,515,435,715,355,285,250,165,190,350,585,635,175,78,495,415,
405,395,285,400,205,605,97,865,280,215,365,385,415,160,570,475,345,
240,495,445,750,315,125,265,140,170,240,525,87,600,170,485,160,
255,590,140,155,170,205,380,290,515,255,220,150,390,425,480,
755,480,190,615,655,350,345,585,775,585,555,625,645,480,
255,485,680,235,280,450,370,265,385,320,150,175,440,
475,165,420,480,270,125,310,650,125,230,475,265,
29,545,150,225,625,350,510,240,96,240,170,
835,345,77,320,540,36,640,130,500,455,
370,660,360,610,480,705,605,590,81,
495,185,380,305,240,280,105,340,
420,180,545,440,310,380,625,
590,370,155,700,280,380,
390,200,480,155,245,
535,320,120,295,
63,430,575,
110,465,
600,
NOTE = 