SIZE = 26,
98,71,82,74,93,39,110,76,20,89,119,129,58,189,75,132,70,141,92,130,90,31,95,88,86,
92,103,78,102,36,98,36,18,99,153,140,100,178,56,111,88,133,111,130,88,68,64,95,96,
64,39,56,53,71,32,42,47,106,135,72,186,129,80,96,68,64,27,133,20,55,59,30,
100,43,11,70,55,9,77,85,102,116,157,49,141,74,61,94,79,139,76,54,151,93,
139,29,82,128,13,98,165,193,87,278,38,194,185,125,180,190,109,135,77,87,147,
62,100,152,73,86,175,206,54,250,53,155,112,159,181,121,42,127,66,37,148,
59,24,83,11,54,77,65,102,93,64,34,92,90,107,42,34,34,35,63,
74,22,54,103,140,84,212,52,122,62,110,83,95,62,66,114,44,68,
15,67,135,198,78,223,31,136,127,156,156,103,34,81,82,91,156,
11,22,50,26,51,40,93,33,44,26,9,11,23,37,39,68,
146,160,84,190,26,100,124,142,122,107,83,95,89,92,122,
222,91,280,112,188,172,181,180,148,89,156,91,80,124,
158,220,136,179,228,230,185,161,107,172,163,144,223,
196,61,109,64,78,116,51,81,71,135,169,71,
128,127,272,257,268,197,186,210,205,154,241,
65,26,87,87,58,62,27,63,46,46,
202,188,157,181,148,116,139,125,197,
152,147,160,87,117,68,75,160,
173,128,63,117,98,74,155,
190,53,148,93,113,157,
37,99,51,81,182,
40,65,91,68,
62,63,130,
93,62,
93,
NOTE = 