SIZE = 48,
604,1560,588,1327,1157,932,741,396,442,661,917,1398,361,548,216,591,486,552,550,853,1231,598,515,1461,352,813,1531,678,676,236,335,921,626,945,930,1266,341,917,853,972,1023,1176,231,1353,674,1163,582,
2435,595,138,2010,220,1828,1508,1042,592,796,875,519,739,928,1403,1835,1600,1326,514,1187,1472,861,1553,194,898,268,1475,998,303,1718,567,1212,177,781,1038,603,2044,738,2281,264,923,641,2238,354,1021,2336,
2145,1903,999,1612,188,605,1356,607,937,636,1473,803,644,690,866,1235,197,1018,1199,1089,1094,744,335,2339,820,701,1399,669,1614,290,617,2412,1744,1105,557,538,836,1049,559,999,1264,1272,129,757,397,
356,2083,1137,1857,2300,1783,598,1280,1466,1982,1499,1581,663,1446,1776,1456,1592,1794,330,1017,1316,1049,1906,1508,2333,1749,872,2204,1453,1225,1304,2300,586,1690,357,1499,1263,1057,346,887,1036,2202,1607,1155,
2377,645,642,220,396,491,426,668,776,296,1463,428,1008,882,665,609,774,1698,905,345,2237,130,996,2082,902,490,2266,1057,414,1576,904,1621,1056,695,1306,457,942,495,510,330,1461,429,1210,
1362,1829,1511,1480,1144,1052,1162,400,1025,950,479,1425,1087,697,1171,222,1094,663,1519,252,872,884,678,699,469,229,624,610,2165,1490,1183,1479,177,1828,304,667,546,865,273,320,891,1163,
476,214,831,166,1119,987,370,1092,541,293,1735,823,655,838,554,552,1095,1335,992,1643,440,2408,863,712,1146,400,1159,1950,1926,927,1995,429,2136,1229,1061,216,986,1486,623,1129,1317,
907,1178,883,107,1568,803,90,1275,915,594,252,1309,188,311,328,269,480,726,1441,1254,1467,331,312,1709,319,1033,947,940,483,500,316,362,818,309,343,826,435,939,1038,780,
742,703,792,371,413,700,731,862,708,1051,1119,748,235,783,862,1524,543,983,511,2026,985,776,1489,1123,630,2385,2043,939,355,1056,178,1191,568,805,1104,699,812,1157,642,
1171,1374,999,1427,1745,1936,664,1809,802,182,292,1897,562,882,2147,2049,604,1983,1938,959,1359,1239,937,2119,1758,1550,2596,2485,1438,1298,801,492,2203,1802,1941,667,1240,2198,
529,1699,580,390,463,1058,1397,1729,817,721,794,1753,878,290,525,732,492,2285,432,526,768,918,669,686,2405,739,488,745,521,1315,1038,123,622,847,1282,1098,586,
1925,1580,981,645,869,1972,849,325,652,476,1019,1358,1722,393,1241,267,145,1023,1673,2139,1326,583,2063,2264,225,1335,1617,472,1640,354,238,1000,1861,590,851,835,
833,579,1492,371,504,617,1727,1969,1402,2099,1148,1668,1250,1260,1434,2182,689,1845,443,953,1547,1583,1157,1200,1837,1393,387,1972,484,925,863,1829,1453,2089,1356,
1501,180,847,1338,1507,161,2421,173,881,1474,697,740,326,1226,2138,1467,355,290,442,819,1969,653,1114,1252,227,743,1878,875,1125,763,776,384,578,820,
928,813,930,949,525,1905,588,1341,334,726,334,1111,1551,2734,1079,939,1166,180,626,1497,1802,1605,973,581,703,1198,291,596,435,814,630,721,1060,
543,839,503,916,533,803,666,1161,549,560,1255,451,1891,720,630,1644,1280,861,1633,1446,676,579,700,115,558,273,1251,481,453,217,414,846,
388,882,943,260,552,451,649,483,524,2085,478,1376,456,1086,969,816,723,1985,2091,325,913,780,410,723,547,1214,1143,325,337,740,1259,
1291,1780,957,609,985,96,1138,690,736,1761,2367,831,623,1500,1004,309,2445,534,879,1525,361,919,951,811,235,411,140,369,454,972,
882,1122,631,1430,1204,1720,1148,1039,1584,1359,1207,1105,1961,1238,516,1252,896,999,702,507,744,828,444,959,189,792,1256,1110,1011,
1560,470,1727,1023,154,1169,848,499,1972,455,1029,1796,627,617,2156,1858,1032,238,251,483,473,704,459,340,815,214,902,397,
1210,1494,482,1092,1420,1760,632,973,1604,1815,1508,641,1022,2066,2301,570,1374,1097,1479,1081,662,1631,713,761,864,646,405,
585,358,435,1421,1726,618,1395,197,983,1752,1183,739,2115,2594,1286,1152,1369,781,551,1589,1283,739,308,420,1173,1300,
1184,685,758,271,2394,2428,503,666,2059,1556,1836,2172,2568,1299,973,1007,1244,582,400,443,360,83,279,1038,1579,
920,1212,1087,1370,1867,879,827,2520,316,837,2439,1986,567,1291,1769,330,1654,392,1124,807,1227,410,453,565,
506,949,402,1724,1473,358,550,790,510,1371,2410,821,572,721,317,1713,1272,90,240,809,350,749,642,
1333,1304,1975,341,1222,1898,454,798,1759,1584,1580,2072,369,375,406,242,641,594,1082,879,1251,919,
968,1681,1181,424,826,665,952,2425,2166,482,1763,1716,445,1024,795,1188,1347,919,1698,1152,652,
2380,770,680,1019,1178,1049,2708,1429,940,1496,1457,660,1539,254,681,100,699,882,587,563,
1872,1737,1030,1197,1943,2493,1184,1506,1785,1369,2117,1114,668,959,2455,1787,1021,2101,2114,
649,2237,1009,1017,982,1645,1219,1796,626,1070,908,455,374,1488,821,1137,1493,285,
1744,1361,1082,2540,967,833,924,504,608,547,966,443,1131,1051,1479,318,706,
1704,1650,1888,1176,1890,940,2151,2108,1908,1865,1717,1287,727,1240,2179,1573,
815,2055,995,1447,818,767,257,651,796,548,155,410,1213,219,235,
1885,347,1315,358,760,1137,967,238,1364,443,632,482,670,1114,
2013,1969,1239,1849,1107,1427,685,1836,1475,1005,2290,825,1286,
2374,2121,2571,2699,2523,2139,1688,1949,600,1483,1963,1506,
533,947,715,892,660,701,1169,676,1100,936,754,
1552,1590,653,231,229,426,983,521,1692,961,
344,1185,466,516,165,755,976,894,1153,
1010,467,949,1320,259,528,779,205,
598,504,263,182,484,1073,569,
751,1034,1723,262,240,679,
1204,1156,902,613,847,
725,803,428,915,
1603,587,745,
485,604,
1149,
NOTE = 