SIZE = 42,
118,62,22,98,66,78,15,64,108,50,20,47,150,58,49,110,67,102,86,31,86,64,5,97,84,53,118,142,62,70,66,81,62,53,107,79,77,85,66,72,25,
155,35,90,83,155,26,106,143,127,84,114,138,118,80,178,147,41,165,46,116,94,31,36,27,95,185,133,59,159,129,117,107,71,123,48,84,174,29,135,54,
25,66,49,95,23,97,90,74,53,69,113,34,86,104,41,60,126,29,58,97,11,42,56,33,160,128,63,61,67,82,59,64,76,56,75,128,49,20,40,
38,17,24,39,28,63,14,21,24,85,38,70,34,23,54,42,37,41,68,45,9,40,27,58,81,29,33,46,35,26,28,46,33,55,53,39,24,49,
74,84,32,111,114,61,77,61,107,55,167,90,53,180,124,48,5,140,6,192,147,12,119,94,150,64,77,92,80,113,86,186,188,87,166,41,60,
49,18,39,106,46,58,53,135,56,77,105,46,56,71,16,71,90,6,72,96,66,101,130,47,60,77,40,59,62,67,31,45,75,95,46,60,
15,89,109,81,39,42,123,36,63,123,25,44,87,35,63,76,12,50,39,40,120,100,55,60,86,71,52,91,62,55,49,150,34,34,44,
28,49,14,20,30,76,21,49,31,13,32,45,47,32,50,8,15,37,15,43,41,30,25,26,24,17,20,41,21,27,48,12,29,21,
126,44,36,41,93,46,36,140,30,26,63,31,83,51,8,43,22,45,75,112,85,42,108,60,66,83,88,42,32,142,38,38,27,
75,99,84,181,65,61,120,71,23,106,84,101,77,40,115,40,67,130,191,98,107,145,104,114,90,149,115,48,104,78,67,88,
43,67,101,18,89,136,46,62,159,23,55,121,21,30,44,35,155,124,35,76,79,54,42,43,81,23,78,108,39,34,39,
49,124,62,60,90,38,88,93,62,64,87,17,44,107,45,72,125,53,48,68,44,60,36,72,36,27,51,75,49,61,
85,26,130,134,59,83,160,24,57,164,9,41,64,18,133,111,25,74,86,52,51,31,59,32,90,146,46,41,32,
65,60,170,99,22,106,99,88,78,35,77,29,62,140,187,126,105,185,144,142,109,140,119,59,101,47,73,120,
129,101,37,176,163,32,11,161,9,97,171,29,139,71,70,35,70,78,50,51,84,93,151,102,134,35,41,
68,172,89,122,62,182,117,21,48,36,157,77,62,53,185,50,42,82,38,34,47,114,83,46,151,30,
121,28,123,62,78,94,27,34,21,67,142,161,96,122,124,115,104,141,130,59,63,142,27,102,72,
136,126,43,37,148,17,71,98,30,158,97,47,57,65,63,62,36,59,52,172,124,93,45,37,
48,81,144,44,29,48,77,144,53,29,66,110,35,105,74,30,69,63,85,34,89,176,99,
62,134,137,22,32,46,139,164,124,61,155,105,104,97,49,110,49,73,120,30,163,82,
54,36,9,36,60,45,58,90,42,36,51,41,20,24,57,28,69,29,36,34,50,
161,25,186,164,3,119,84,109,47,108,80,92,105,88,147,176,86,188,41,71,
30,34,40,156,139,80,56,179,84,56,65,43,77,46,118,96,46,131,58,
3,8,6,26,10,12,18,11,20,10,20,23,20,5,21,11,12,15,
93,117,33,45,113,66,110,63,91,50,83,105,50,30,91,96,32,
171,34,14,71,102,77,111,64,46,114,62,80,19,87,137,87,
113,60,87,21,79,62,59,65,82,91,125,97,166,33,38,
143,57,133,126,128,93,60,124,54,78,186,28,159,69,
130,98,146,156,137,136,150,85,57,146,36,103,105,
51,75,85,38,91,98,111,51,71,69,53,39,
79,66,70,44,71,60,147,146,83,46,40,
117,71,115,108,88,28,111,116,64,61,
81,81,103,98,43,91,84,75,50,
61,62,59,72,86,98,54,15,
99,92,34,103,51,48,34,
66,36,97,112,69,63,
64,46,106,73,42,
69,44,178,59,
32,108,59,
99,47,
54,
NOTE = 