SIZE = 17,
134,207,349,110,240,259,34,105,289,105,530,346,309,154,29,236,
165,202,324,421,555,351,150,262,196,80,83,77,572,63,390,
246,239,53,123,202,268,199,140,383,420,448,240,57,518,
528,237,332,426,745,364,157,685,472,289,542,483,121,
324,282,352,74,353,292,61,567,250,208,154,35,
437,578,466,638,314,329,70,95,297,435,297,
232,243,505,338,372,27,264,175,249,36,
391,402,661,120,287,257,169,633,153,
182,336,108,211,184,326,145,142,
360,476,191,444,196,495,29,
488,189,91,412,228,55,
47,112,150,267,238,
439,68,254,84,
227,390,96,
383,301,
336,
NOTE = 