SIZE = 58,
990,1021,2243,1542,1889,600,1835,1450,2654,1061,554,1994,2553,2425,908,456,5071,324,881,1901,2293,984,1030,1394,1074,1315,4286,3919,801,2454,1175,1865,847,1671,1876,2510,818,1030,432,1939,1934,1278,1328,887,2922,1546,1545,2182,992,3385,1093,2217,2037,1627,1750,1238,2040,
435,1214,1060,1407,856,1484,975,2185,2026,926,2470,772,2906,287,1135,4645,666,234,1424,1811,359,693,1517,194,394,3860,3538,1950,2072,2142,2855,98,1096,2875,1733,137,314,1196,1193,2889,2635,846,532,2636,599,2535,1710,335,2959,508,3104,3027,1127,2740,490,1557,
777,524,970,429,1046,536,1645,1954,498,2791,1009,3227,98,700,4759,586,590,982,1139,171,1015,1441,448,590,3969,3607,1542,1535,2068,2764,319,652,2595,1596,486,337,8700,1622,2913,2358,408,97,2936,525,2444,1258,102,3073,72,3122,2936,707,2649,919,1115,
482,283,1210,788,432,887,2727,1275,3493,1398,3929,826,1485,5221,1367,1311,224,606,848,1716,2532,1039,959,4436,4069,2324,1494,2841,3551,1037,189,3397,851,1214,909,1570,2089,3531,3124,368,879,3500,758,3236,701,756,3535,702,3906,4225,254,3441,1495,359,
675,971,524,243,1350,2466,1022,3066,926,3502,572,1231,4747,1106,1064,692,1016,594,1289,1974,705,705,3962,3595,2057,1240,2580,3295,635,364,3134,1306,960,439,1303,1615,3277,2878,114,625,3093,274,2975,968,502,3061,506,3635,3467,374,3180,1109,759,
1402,938,709,818,2925,1468,3616,1444,4052,1019,1678,5265,1565,1511,176,547,1041,1839,2725,1232,1152,4480,4113,2517,413,3039,3754,1230,489,3590,435,1407,1102,1763,2133,3724,3305,561,1072,3643,478,3434,213,949,3579,802,4108,3926,531,3639,1634,290,
1470,969,2073,1720,184,2571,1433,3004,502,279,5167,434,993,1420,1802,567,1145,1123,852,1014,4615,4015,1275,1967,1834,2524,722,1063,2267,2037,889,771,527,2035,2492,1937,846,339,3236,949,2204,1698,533,3481,554,2804,2696,1140,2409,1348,1553,
767,1471,2871,1771,3365,887,3801,1096,1755,4720,1511,1174,1216,1200,842,1588,2951,742,607,3925,3558,2627,1185,2905,3846,892,888,3600,1438,1076,578,1989,1578,3734,3399,638,1143,3392,520,3380,1288,976,3024,1118,3998,3872,945,3585,1383,943,
1177,2486,1044,3315,1177,3751,587,1246,5000,1126,1078,652,908,609,1538,1189,800,720,4215,3848,2083,1274,2600,3310,798,124,3158,1138,975,670,1329,1868,3402,2878,129,640,3336,519,2995,984,517,3314,528,3665,3487,178,3200,1332,639,
3590,2151,4036,2266,4772,1694,2353,6089,2230,2179,665,262,1716,2559,3554,2093,1827,5304,4947,3346,760,3706,4589,1905,1126,4265,607,2082,1776,2592,2957,4399,3987,1236,1742,4363,1564,4099,562,1747,4408,1717,4774,4591,992,4306,2358,528,
1524,1170,2692,1601,1944,1441,5784,1354,1917,3047,3319,2020,1529,522,2235,2351,4999,4642,452,3490,114,954,1883,2620,815,3556,1854,2066,1226,2650,925,367,2379,1870,2107,2356,656,3221,1960,4068,2274,1385,1126,2678,839,1726,3070,
2742,1488,3178,844,257,4993,260,817,1480,1637,669,965,1460,946,1088,4208,3841,1252,2033,1638,2324,783,1165,2339,2094,754,835,498,1861,2449,1737,915,523,3503,1023,2004,1756,600,3307,570,2676,2496,1214,2209,1174,1627,
2952,446,2700,2413,6044,2493,2213,3683,4065,2777,1789,1446,2495,2732,5259,4902,1422,4181,1284,1233,2492,3430,1011,4243,2314,2699,2105,2910,1103,1425,3129,2859,947,2889,1172,3908,2770,4328,2864,634,1171,3428,1146,1986,3816,
3388,1004,2128,3830,1442,964,1609,1935,941,1175,2286,696,455,3045,2688,2624,2009,2585,3583,894,1298,3322,2070,1063,760,1972,693,3459,2906,1041,1101,2973,673,3173,1740,950,2149,1081,3586,3684,1353,3380,974,1686,
3136,2844,6480,2929,2649,4119,4501,3213,2225,1882,2931,3168,5695,5338,1869,4617,1715,1669,2928,3866,1451,4679,2750,3135,2417,3346,1544,1861,3565,3295,806,3325,1608,4344,3206,4764,3299,1070,1607,3864,1582,2422,4252,
781,4826,584,508,1036,1423,75,923,1435,383,560,4041,3674,1702,1584,1844,2773,227,708,2793,1650,411,217,948,1694,2869,2182,458,169,2844,455,2453,1312,80,3140,170,3125,2945,757,2658,827,1165,
5951,694,1248,1695,2082,871,1282,1210,1148,1290,5166,4799,1002,2243,1557,2245,1019,1342,2265,2309,1188,1050,248,2819,2366,1658,1117,618,3937,1225,1925,1971,802,4265,772,2636,2417,1416,2130,1608,1824,
4746,4199,5423,5756,4628,4267,5404,4353,4276,785,2230,5724,5830,5676,6675,4447,5126,6417,5891,4299,4588,5271,3142,6553,6002,4876,4922,6083,4494,6265,5561,4771,1686,4902,6678,6776,5181,6472,4074,5511,
557,1577,1959,660,716,851,750,991,3961,3594,1116,2130,1260,2183,523,1247,2089,2196,494,706,524,1609,2223,1600,1003,563,2824,996,1863,1861,668,3060,658,2535,2355,1297,2068,908,1710,
1421,1931,419,436,1408,288,589,3414,3047,1811,2076,2031,2746,282,1191,2623,2134,112,546,1057,1062,2655,2166,950,692,2364,728,2305,1798,497,2513,662,2846,2918,1249,2651,359,1672,
394,1153,1906,2901,1249,1169,4648,4291,2693,771,2845,3848,1301,347,3607,629,1424,1119,1939,2300,3741,3334,578,1079,3710,968,3547,479,967,3752,1059,4116,4020,474,3744,1705,137,
1444,2288,2899,1849,1493,4971,4604,2686,300,3433,4148,1638,855,4004,229,1839,1505,1932,2624,4128,3716,965,1475,4092,1293,3828,354,1352,4002,1356,4503,4320,730,4041,2087,257,
1000,2049,287,329,3843,3476,1841,1606,2134,2849,148,730,2766,1672,315,158,1087,1491,2883,2251,480,268,2934,354,2529,1335,107,2942,243,3201,3021,1079,2734,774,1187,
1199,718,955,3482,3125,1461,2400,1422,2420,715,1653,2162,2466,537,922,1238,1133,2296,1743,1352,1083,2120,1112,2010,2131,960,2551,1087,2423,2521,1651,2217,209,2039,
1878,2331,4619,4252,259,2986,636,1326,2042,2098,1337,3351,1345,1557,962,2278,1447,739,1860,1339,2390,2266,1006,3033,1543,3718,1434,1681,1498,2159,1211,1350,2570,
345,3568,3201,2020,1797,2349,2939,192,921,3043,1863,239,279,1266,1216,2973,2691,671,543,2522,367,2619,1525,342,2667,520,3129,3114,978,2923,517,1592,
3491,3124,2123,1717,2465,3180,432,841,3185,1783,498,287,1369,1144,3214,2963,591,688,2763,366,2860,1445,488,2590,602,3366,3352,856,3065,754,1236,
1445,4929,5045,5113,5890,3662,4341,5632,5106,3514,3803,4708,2357,5766,5217,4091,4137,5298,3709,5480,4776,3986,901,4117,5893,5991,4396,5687,3289,4791,
4572,4678,4756,5533,3294,3974,5274,4739,3147,3436,4124,1990,4875,4850,3724,3770,4925,3342,5123,4409,3617,544,3750,5536,5634,4029,5330,2922,4359,
3082,564,1256,1849,2336,1267,3143,1748,1990,754,2582,1377,669,2094,1612,2368,2058,936,2805,1642,4038,1610,1647,1428,2393,1141,1612,2806,
3604,4319,1795,1232,4155,254,1972,1882,2328,2698,4504,3870,1126,1637,4208,1635,3999,312,1514,4144,1489,4673,4491,1096,4204,2199,634,
1068,1997,2736,931,3670,1968,2182,1340,2543,924,330,2267,1984,1991,2470,770,3335,2074,4182,2388,1273,1240,2566,953,1619,3184,
2712,3431,200,4385,2683,2895,2004,3304,130,627,3187,2644,2170,3185,372,4050,2857,4959,2836,693,190,3486,125,2617,3899,
919,2914,1783,184,276,1095,1310,2746,2515,669,416,2543,447,2392,1423,217,2761,391,3064,2884,968,2597,607,1381,
3451,1090,1096,791,1582,1989,3545,2845,250,761,3457,640,3110,940,754,3440,722,3786,3603,138,3316,1452,598,
4221,2563,2915,1834,3283,147,464,3029,2606,1958,3120,211,3883,2697,4701,2667,817,366,3328,135,2359,3736,
2038,1740,2389,2759,4362,3936,1192,1693,4274,837,4065,273,1580,4505,1668,4739,4557,960,4270,2265,492,
451,994,1162,2717,2266,846,588,2464,631,2406,1700,389,2613,558,2948,2855,1145,2568,459,1560,
2699,1451,2991,2713,5410,334,2730,287,2575,1395,235,2902,407,3333,3067,846,2780,721,1248,
2139,1972,1417,1347,858,3116,1304,1684,2051,888,3590,856,2395,2176,1646,1889,1438,1908,
3417,2870,1734,1790,2941,1362,3131,2429,1639,1456,1770,3544,3642,2044,3338,932,2379,
594,3163,2831,2040,3219,343,4017,2891,4835,2985,681,228,3462,184,2493,3870,
2601,2087,2437,2878,307,3601,2263,4316,2430,1302,799,3049,512,1946,3467,
511,3207,390,2866,854,388,3190,392,3542,3359,300,3072,1202,711,
3006,623,2354,1355,199,3236,86,3032,2846,810,2559,983,1218,
2884,2109,3939,3026,4391,3008,1571,2108,3512,2083,2013,3843,
2865,708,523,2808,577,3487,3036,652,3070,875,1036,
3730,2537,4549,2527,1052,549,3165,257,2211,3579,
942,3875,1340,4401,4222,806,3935,1930,342,
3083,170,3209,3162,687,2753,880,1095,
3145,4962,5060,3495,4848,2388,3825,
3199,3008,691,2721,991,1099,
537,3841,800,2620,4249,
3658,297,2718,4171,
3371,1507,476,
2414,3784,
1838,
NOTE = 